%YAML:1.0
---
CAMERA_MATRIX_LEFT: !!opencv-matrix
   rows: 3
   cols: 3
   dt: d
   data: [ 1.3922367379003961e+03, 0., 6.2614886145764467e+02, 0.,
       1.4477531942793055e+03, 5.1095373551723418e+02, 0., 0., 1. ]
CAMERA_MATRIX_RIGHT: !!opencv-matrix
   rows: 3
   cols: 3
   dt: d
   data: [ 1.3922367379003961e+03, 0., 2.9219873161726366e+02, 0.,
       1.4477531942793055e+03, 4.4986339293418462e+02, 0., 0., 1. ]
DISTCOEFFS_RIGHT: !!opencv-matrix
   rows: 1
   cols: 5
   dt: d
   data: [ -8.3845847399888529e-01, 1.2573432878407155e+01, 0., 0.,
       -4.7148605670290358e+01 ]
DISTCOEFFS_LEFT: !!opencv-matrix
   rows: 1
   cols: 5
   dt: d
   data: [ 2.2159989233210262e-01, -1.9491067685539589e+00, 0., 0.,
       4.3419519481524809e+00 ]
ROTATION_MATRIX: !!opencv-matrix
   rows: 3
   cols: 3
   dt: d
   data: [ 9.9275029873939691e-01, -4.5786061859153862e-02,
       1.1113271747000547e-01, 3.3467363918854728e-02,
       9.9333641968856390e-01, 1.1028459943540762e-01,
       -1.1544167317377751e-01, -1.0576574993699571e-01,
       9.8766736618919615e-01 ]
TRASLATION_VECTOR: !!opencv-matrix
   rows: 3
   cols: 1
   dt: d
   data: [ 2.5937698760622072e+00, -1.4248188369992039e+00,
       -2.3046482648857696e+00 ]
